Solid Composition:
index Pressure Temperature mass SiO2 TiO2 Al2O3 Fe2O3 Cr2O3 FeO MnO MgO NiO CoO CaO Na2O K2O P2O5 H2O CO2 
1 4500.00 1400.00 0.000000 ---
2 4500.00 1397.00 0.000000 ---
3 4500.00 1394.00 0.000000 ---
4 4500.00 1391.00 0.000000 ---
5 4500.00 1388.00 0.000000 ---
6 4500.00 1385.00 0.000000 ---
7 4500.00 1382.00 0.000000 ---
8 4500.00 1379.00 0.000000 ---
9 4500.00 1376.00 0.000000 ---
10 4500.00 1373.00 0.000000 ---
11 4500.00 1370.00 0.000000 ---
12 4500.00 1367.00 0.000000 ---
13 4500.00 1364.00 0.000000 ---
14 4500.00 1361.00 0.000000 ---
15 4500.00 1358.00 0.000000 ---
16 4500.00 1355.00 0.000000 ---
17 4500.00 1352.00 0.000000 ---
18 4500.00 1349.00 0.000000 ---
19 4500.00 1346.00 0.000000 ---
20 4500.00 1343.00 0.000000 ---
21 4500.00 1340.00 0.000000 ---
22 4500.00 1337.00 0.000000 ---
23 4500.00 1334.00 0.000000 ---
24 4500.00 1331.00 0.000000 ---
25 4500.00 1328.00 0.000000 ---
26 4500.00 1325.00 0.000000 ---
27 4500.00 1322.00 0.000000 ---
28 4500.00 1319.00 0.000000 ---
29 4500.00 1316.00 0.000000 ---
30 4500.00 1313.00 0.000000 ---
31 4500.00 1310.00 0.000000 ---
32 4500.00 1307.00 0.000000 ---
33 4500.00 1304.00 0.000000 ---
34 4500.00 1301.00 0.000000 ---
35 4500.00 1298.00 0.000000 ---
36 4500.00 1295.00 0.000000 ---
37 4500.00 1292.00 0.000000 ---
38 4500.00 1289.00 0.000000 ---
39 4500.00 1286.00 0.000000 ---
40 4500.00 1283.00 0.000000 ---
41 4500.00 1280.00 0.000000 ---
42 4500.00 1277.00 0.000000 ---
43 4500.00 1274.00 0.000000 ---
44 4500.00 1271.00 0.000000 ---
45 4500.00 1268.00 0.000000 ---
46 4500.00 1265.00 0.000000 ---
47 4500.00 1262.00 0.000000 ---
48 4500.00 1259.00 0.000000 ---
49 4500.00 1256.00 0.000000 ---
50 4500.00 1253.00 0.000000 ---
51 4500.00 1250.00 0.000000 ---
52 4500.00 1247.00 0.000000 ---
53 4500.00 1244.00 0.000000 ---
54 4500.00 1241.00 0.000000 ---
55 4500.00 1238.00 0.000000 ---
56 4500.00 1235.00 0.000000 ---
57 4500.00 1232.00 0.000000 ---
58 4500.00 1229.00 0.000000 ---
59 4500.00 1226.00 0.000000 ---
60 4500.00 1223.00 0.000000 ---
61 4500.00 1220.00 0.000000 ---
62 4500.00 1217.00 0.000000 ---
63 4500.00 1214.00 0.000000 ---
64 4500.00 1211.00 0.000000 ---
65 4500.00 1208.00 0.000000 ---
66 4500.00 1205.00 0.000000 ---
67 4500.00 1202.00 0.000000 ---
68 4500.00 1199.00 0.000000 ---
69 4500.00 1196.00 0.000000 ---
70 4500.00 1193.00 0.000000 ---
71 4500.00 1190.00 0.000000 ---
72 4500.00 1187.00 0.000000 ---
73 4500.00 1184.00 0.000000 ---
74 4500.00 1181.00 0.000000 ---
75 4500.00 1178.00 2.074798 50.931 0.390351 5.23615 1.27772 0 5.62806 0 16.1979 0 0 20.1324 0.206427 0 0 0 0
76 4500.00 1181.00 0.696699 51.0307 0.373325 5.13651 1.25406 0 5.56183 0 16.2896 0 0 20.1514 0.202612 0 0 0 0
77 4500.00 1184.00 0.000000 ---
78 4500.00 1183.00 0.000000 ---
79 4500.00 1182.00 0.000000 ---
80 4500.00 1181.00 0.000000 ---
81 4500.00 1180.00 0.000000 ---
82 4500.00 1179.00 1.618547 50.9642 0.384628 5.20293 1.26983 0 5.60589 0 16.2284 0 0 20.1389 0.205151 0 0 0 0
83 4500.00 1180.00 1.159194 50.9975 0.378952 5.16972 1.26194 0 5.58381 0 16.259 0 0 20.1453 0.203879 0 0 0 0
84 4500.00 1181.00 0.696699 51.0307 0.373325 5.13651 1.25406 0 5.56183 0 16.2896 0 0 20.1514 0.202612 0 0 0 0
85 4500.00 1182.00 0.231019 51.0638 0.367746 5.10331 1.24618 0 5.53995 0 16.3203 0 0 20.1574 0.201349 0 0 0 0
86 4500.00 1183.00 0.000000 ---
87 4500.00 1182.90 0.000000 ---
88 4500.00 1182.80 0.000000 ---
89 4500.00 1182.70 0.000000 ---
90 4500.00 1182.60 0.000000 ---
91 4500.00 1182.50 0.000000 ---
92 4500.00 1182.40 0.000000 ---
93 4500.00 1182.30 0.000000 ---
94 4500.00 1182.20 0.000000 ---
95 4500.00 1182.10 0.000000 ---
96 4500.00 1182.00 0.000000 ---
97 4500.00 1181.90 0.000000 ---
98 4500.00 1181.80 0.000000 ---
99 4500.00 1181.70 0.000000 ---
100 4500.00 1181.60 0.000000 ---
101 4500.00 1181.50 0.000000 ---
102 4500.00 1181.40 0.000000 ---
103 4500.00 1181.30 0.000000 ---
104 4500.00 1181.20 0.000000 ---
105 4500.00 1181.10 0.000000 ---
106 4500.00 1181.00 0.000000 ---
107 4500.00 1180.90 0.000000 ---
108 4500.00 1180.80 0.000000 ---
109 4500.00 1180.70 0.000000 ---
110 4500.00 1180.60 0.000000 ---
111 4500.00 1180.50 0.000000 ---
112 4500.00 1180.40 0.000000 ---
113 4500.00 1180.30 0.000000 ---
114 4500.00 1180.20 0.000000 ---
115 4500.00 1180.10 0.000000 ---
116 4500.00 1180.00 0.000000 ---
117 4500.00 1179.90 0.000000 ---
118 4500.00 1179.80 0.000000 ---
119 4500.00 1179.70 0.000000 ---
120 4500.00 1179.60 0.000000 ---
121 4500.00 1179.50 1.389261 50.9809 0.381784 5.18633 1.26588 0 5.59484 0 16.2437 0 0 20.1421 0.204515 0 0 0 0
122 4500.00 1179.60 1.343310 50.9842 0.381217 5.18301 1.2651 0 5.59263 0 16.2467 0 0 20.1427 0.204388 0 0 0 0
123 4500.00 1179.70 1.297328 50.9875 0.38065 5.17969 1.26431 0 5.59042 0 16.2498 0 0 20.1434 0.20426 0 0 0 0
124 4500.00 1179.80 1.251315 50.9908 0.380084 5.17636 1.26352 0 5.58822 0 16.2528 0 0 20.144 0.204133 0 0 0 0
125 4500.00 1179.90 1.205270 50.9942 0.379518 5.17304 1.26273 0 5.58601 0 16.2559 0 0 20.1446 0.204006 0 0 0 0
126 4500.00 1180.00 1.159194 50.9975 0.378952 5.16972 1.26194 0 5.58381 0 16.259 0 0 20.1453 0.203879 0 0 0 0
127 4500.00 1180.10 1.113087 51.0008 0.378388 5.1664 1.26115 0 5.58161 0 16.262 0 0 20.1459 0.203753 0 0 0 0
128 4500.00 1180.20 1.066948 51.0041 0.377823 5.16308 1.26036 0 5.57941 0 16.2651 0 0 20.1465 0.203626 0 0 0 0
129 4500.00 1180.30 1.020778 51.0074 0.377259 5.15976 1.25958 0 5.57721 0 16.2681 0 0 20.1471 0.203499 0 0 0 0
130 4500.00 1180.40 0.974576 51.0108 0.376696 5.15644 1.25879 0 5.57501 0 16.2712 0 0 20.1477 0.203372 0 0 0 0
131 4500.00 1180.50 0.928342 51.0141 0.376133 5.15312 1.258 0 5.57281 0 16.2743 0 0 20.1484 0.203245 0 0 0 0
132 4500.00 1180.60 0.882077 51.0174 0.37557 5.1498 1.25721 0 5.57061 0 16.2773 0 0 20.149 0.203119 0 0 0 0
133 4500.00 1180.70 0.835780 51.0207 0.375008 5.14648 1.25642 0 5.56841 0 16.2804 0 0 20.1496 0.202992 0 0 0 0
134 4500.00 1180.80 0.789452 51.024 0.374447 5.14316 1.25564 0 5.56622 0 16.2835 0 0 20.1502 0.202865 0 0 0 0
135 4500.00 1180.90 0.743091 51.0273 0.373886 5.13984 1.25485 0 5.56402 0 16.2865 0 0 20.1508 0.202739 0 0 0 0
136 4500.00 1181.00 0.696699 51.0307 0.373325 5.13651 1.25406 0 5.56183 0 16.2896 0 0 20.1514 0.202612 0 0 0 0
137 4500.00 1181.10 0.650275 51.034 0.372765 5.13319 1.25327 0 5.55964 0 16.2927 0 0 20.152 0.202486 0 0 0 0
138 4500.00 1181.20 0.603820 51.0373 0.372205 5.12987 1.25248 0 5.55745 0 16.2957 0 0 20.1526 0.202359 0 0 0 0
139 4500.00 1181.30 0.557332 51.0406 0.371646 5.12655 1.2517 0 5.55525 0 16.2988 0 0 20.1532 0.202233 0 0 0 0
140 4500.00 1181.40 0.510812 51.0439 0.371088 5.12323 1.25091 0 5.55306 0 16.3019 0 0 20.1538 0.202106 0 0 0 0
141 4500.00 1181.50 0.464260 51.0472 0.37053 5.11991 1.25012 0 5.55088 0 16.3049 0 0 20.1544 0.20198 0 0 0 0
142 4500.00 1181.60 0.417676 51.0505 0.369972 5.11659 1.24933 0 5.54869 0 16.308 0 0 20.155 0.201854 0 0 0 0
143 4500.00 1181.70 0.371060 51.0539 0.369415 5.11327 1.24855 0 5.5465 0 16.3111 0 0 20.1556 0.201728 0 0 0 0
144 4500.00 1181.80 0.324412 51.0572 0.368858 5.10995 1.24776 0 5.54431 0 16.3141 0 0 20.1562 0.201601 0 0 0 0
145 4500.00 1181.90 0.277732 51.0605 0.368302 5.10663 1.24697 0 5.54213 0 16.3172 0 0 20.1568 0.201475 0 0 0 0
146 4500.00 1182.00 0.231019 51.0638 0.367746 5.10331 1.24618 0 5.53995 0 16.3203 0 0 20.1574 0.201349 0 0 0 0
147 4500.00 1182.10 0.184275 51.0671 0.367191 5.09999 1.2454 0 5.53776 0 16.3233 0 0 20.158 0.201223 0 0 0 0
148 4500.00 1182.20 0.137498 51.0704 0.366636 5.09667 1.24461 0 5.53558 0 16.3264 0 0 20.1586 0.201097 0 0 0 0
149 4500.00 1182.30 0.090688 51.0737 0.366082 5.09335 1.24382 0 5.5334 0 16.3295 0 0 20.1592 0.200971 0 0 0 0
150 4500.00 1182.40 0.043846 51.077 0.365529 5.09003 1.24303 0 5.53122 0 16.3325 0 0 20.1597 0.200845 0 0 0 0
151 4500.00 1182.50 0.000000 ---
152 4500.00 1182.50 0.000000 ---
153 4500.00 1180.50 0.000000 ---
154 4500.00 1178.49 1.850293 50.9474 0.387524 5.21978 1.27383 0 5.61712 0 16.2129 0 0 20.1357 0.205798 0 0 0 0
155 4500.00 1176.49 0.902417 50.8798 0.399235 5.28709 1.28988 0 5.6616 0 16.1508 0 0 20.1232 0.208378 0 0 0 0
156 4500.00 1174.49 0.886644 50.8117 0.41122 5.35479 1.30606 0 5.70641 0 16.0882 0 0 20.1106 0.210984 0 0 0 0
157 4500.00 1172.48 0.871261 50.7429 0.423484 5.42288 1.32238 0 5.75154 0 16.0254 0 0 20.0978 0.213617 0 0 0 0
158 4500.00 1170.48 0.856254 50.6736 0.436031 5.49137 1.33883 0 5.797 0 15.9622 0 0 20.0847 0.216275 0 0 0 0
159 4500.00 1168.48 0.841611 50.6037 0.448865 5.56024 1.35543 0 5.84278 0 15.8986 0 0 20.0715 0.21896 0 0 0 0
160 4500.00 1166.47 0.827320 50.5331 0.461992 5.6295 1.37216 0 5.8889 0 15.8346 0 0 20.058 0.221671 0 0 0 0
161 4500.00 1164.47 0.813368 50.462 0.475415 5.69914 1.38904 0 5.93534 0 15.7703 0 0 20.0443 0.224409 0 0 0 0
162 4500.00 1162.46 0.799746 50.3902 0.48914 5.76916 1.40606 0 5.98212 0 15.7057 0 0 20.0305 0.227175 0 0 0 0
163 4500.00 1160.46 0.786441 50.3178 0.503169 5.83956 1.42322 0 6.02923 0 15.6406 0 0 20.0164 0.229968 0 0 0 0
164 4500.00 1158.46 0.773444 50.2449 0.517509 5.91033 1.44052 0 6.07669 0 15.5752 0 0 20.0021 0.232789 0 0 0 0
165 4500.00 1156.45 0.760745 50.1713 0.532162 5.98147 1.45797 0 6.12448 0 15.5094 0 0 19.9876 0.235637 0 0 0 0
166 4500.00 1154.45 0.748333 50.097 0.547135 6.05297 1.47556 0 6.17261 0 15.4432 0 0 19.973 0.238514 0 0 0 0
167 4500.00 1152.45 0.736201 50.0222 0.56243 6.12484 1.4933 0 6.22108 0 15.3767 0 0 19.9581 0.241419 0 0 0 0
168 4500.00 1150.44 0.724339 49.9467 0.578053 6.19706 1.51119 0 6.26989 0 15.3098 0 0 19.943 0.244353 0 0 0 0
169 4500.00 1148.44 0.712738 49.8706 0.594007 6.26964 1.52923 0 6.31905 0 15.2425 0 0 19.9277 0.247316 0 0 0 0
170 4500.00 1146.44 0.701391 49.7939 0.610297 6.34257 1.54741 0 6.36855 0 15.1748 0 0 19.9122 0.250307 0 0 0 0
171 4500.00 1144.43 0.690289 49.7165 0.626928 6.41584 1.56575 0 6.4184 0 15.1067 0 0 19.8965 0.253328 0 0 0 0
172 4500.00 1142.43 0.679425 49.6385 0.643902 6.48946 1.58423 0 6.4686 0 15.0383 0 0 19.8807 0.256378 0 0 0 0
173 4500.00 1140.43 0.668791 49.5599 0.661225 6.5634 1.60287 0 6.51915 0 14.9694 0 0 19.8646 0.259458 0 0 0 0
174 4500.00 1138.42 0.658382 49.4806 0.6789 6.63768 1.62166 0 6.57004 0 14.9002 0 0 19.8483 0.262567 0 0 0 0
175 4500.00 1136.42 0.648189 49.4007 0.696931 6.71227 1.6406 0 6.62129 0 14.8306 0 0 19.8319 0.265706 0 0 0 0
176 4500.00 1134.41 0.638206 49.3201 0.715322 6.78719 1.6597 0 6.67288 0 14.7607 0 0 19.8152 0.268876 0 0 0 0
177 4500.00 1132.41 0.628426 49.239 0.734077 6.86241 1.67895 0 6.72483 0 14.6903 0 0 19.7984 0.272075 0 0 0 0
178 4500.00 1130.41 0.618845 49.1571 0.753199 6.93794 1.69835 0 6.77712 0 14.6196 0 0 19.7814 0.275304 0 0 0 0
179 4500.00 1128.40 0.609455 49.0747 0.772692 7.01376 1.71791 0 6.82977 0 14.5485 0 0 19.7642 0.278564 0 0 0 0
180 4500.00 1126.40 0.600252 48.9916 0.792559 7.08987 1.73762 0 6.88278 0 14.477 0 0 19.7468 0.281854 0 0 0 0
181 4500.00 1124.40 0.591229 48.9079 0.812803 7.16627 1.75749 0 6.93613 0 14.4051 0 0 19.7292 0.285175 0 0 0 0
182 4500.00 1122.39 0.582381 48.8235 0.833426 7.24293 1.77751 0 6.98984 0 14.3328 0 0 19.7114 0.288526 0 0 0 0
183 4500.00 1120.39 0.573704 48.7386 0.854432 7.31986 1.79769 0 7.0439 0 14.2602 0 0 19.6934 0.291908 0 0 0 0
184 4500.00 1118.39 0.565192 48.653 0.875824 7.39705 1.81802 0 7.09831 0 14.1872 0 0 19.6753 0.29532 0 0 0 0
185 4500.00 1116.38 0.556840 48.5667 0.897602 7.47448 1.83851 0 7.15307 0 14.1139 0 0 19.657 0.298763 0 0 0 0
186 4500.00 1114.38 0.548644 48.4799 0.91977 7.55214 1.85915 0 7.20819 0 14.0402 0 0 19.6384 0.302237 0 0 0 0
187 4500.00 1112.38 0.540599 48.3925 0.942328 7.63004 1.87995 0 7.26366 0 13.9661 0 0 19.6198 0.305741 0 0 0 0
188 4500.00 1110.37 0.532701 48.3044 0.965278 7.70815 1.90091 0 7.31948 0 13.8916 0 0 19.6009 0.309276 0 0 0 0
189 4500.00 1108.37 0.732052 48.1474 0.595317 17.8265 1.15955 0 4.49956 0 8.42591 0 0 18.2864 1.05094 0.00842079 0 0 0
190 4500.00 1106.37 0.729125 48.1403 0.590839 18.1697 1.13886 0 4.4572 0 8.23395 0 0 18.1748 1.08561 0.00879504 0 0 0
191 4500.00 1104.36 0.715450 48.1377 0.599404 18.1644 1.14392 0 4.5172 0 8.23075 0 0 18.1028 1.09486 0.00887972 0 0 0
192 4500.00 1102.36 0.702276 48.1359 0.607661 18.1591 1.1488 0 4.57929 0 8.22825 0 0 18.0279 1.10422 0.00896542 0 0 0
193 4500.00 1100.35 0.689597 48.1347 0.615543 18.1537 1.15346 0 4.64371 0 8.22654 0 0 17.9496 1.11368 0.00905225 0 0 0
194 4500.00 1098.35 0.677411 48.1344 0.622968 18.1483 1.15788 0 4.71073 0 8.22576 0 0 17.8676 1.12325 0.00914036 0 0 0
195 4500.00 1096.35 0.665721 48.135 0.629836 18.143 1.162 0 4.78071 0 8.22605 0 0 17.7812 1.13294 0.00922992 0 0 0
196 4500.00 1094.34 0.654533 48.1369 0.636021 18.1377 1.16576 0 4.85409 0 8.22762 0 0 17.6898 1.14275 0.00932114 0 0 0
197 4500.00 1092.34 0.643863 48.1403 0.641362 18.1326 1.16906 0 4.93144 0 8.23071 0 0 17.5924 1.15269 0.00941431 0 0 0
198 4500.00 1090.34 0.647082 48.2126 0.61208 18.2941 1.13468 0 5.19369 0 8.31109 0 0 17.0578 1.17424 0.00971774 0 0 0
199 4500.00 1088.33 0.811327 48.9125 0.265223 19.9373 0.759354 0 7.1265 0 9.08678 0 0 12.6025 1.298 0.0119159 0 0 0
200 4500.00 1086.33 0.764029 40.3936 0.7269 22.4325 2.7176 0 8.73807 0 11.0535 0 0 13.1026 0.82872 0.00659114 0 0 0
201 4500.00 1084.33 0.766064 44.8143 0.498974 21.1933 1.71479 0 7.99316 0 9.91026 0 0 12.7682 1.0974 0.00962312 0 0 0
202 4500.00 1082.32 0.750966 44.7248 0.517621 21.222 1.75118 0 8.07339 0 9.85166 0 0 12.744 1.10563 0.00970826 0 0 0
203 4500.00 1080.32 0.736354 44.6283 0.537587 21.2516 1.7903 0 8.15615 0 9.79268 0 0 12.7198 1.11372 0.00979123 0 0 0
204 4500.00 1078.32 0.722216 44.5242 0.559027 21.2823 1.83247 0 8.24172 0 9.73325 0 0 12.6955 1.12164 0.00987177 0 0 0
205 4500.00 1076.31 0.708542 44.4117 0.582118 21.3139 1.87804 0 8.33043 0 9.6733 0 0 12.6712 1.12936 0.00994962 0 0 0
206 4500.00 1074.31 0.695326 44.2899 0.607065 21.3467 1.92741 0 8.42267 0 9.61271 0 0 12.6466 1.13687 0.0100245 0 0 0
207 4500.00 1072.30 0.682564 44.158 0.634101 21.3807 1.98106 0 8.51889 0 9.55135 0 0 12.6217 1.14412 0.0100961 0 0 0
208 4500.00 1070.30 0.670255 44.0149 0.663501 21.416 2.03952 0 8.61959 0 9.48902 0 0 12.5962 1.15109 0.0101642 0 0 0
209 4500.00 1068.30 0.658403 43.8595 0.695583 21.4526 2.10343 0 8.72538 0 9.4255 0 0 12.57 1.15776 0.0102286 0 0 0
210 4500.00 1066.29 0.647015 43.6906 0.730721 21.4906 2.17351 0 8.83696 0 9.36048 0 0 12.5428 1.1641 0.010289 0 0 0
211 4500.00 1064.29 0.636107 43.5067 0.769356 21.53 2.25063 0 8.95517 0 9.29356 0 0 12.5141 1.17009 0.0103455 0 0 0
212 4500.00 1062.29 0.625700 43.3064 0.812018 21.571 2.3358 0 9.08101 0 9.22422 0 0 12.4835 1.17573 0.010398 0 0 0
213 4500.00 1060.28 0.615829 43.0881 0.859345 21.6133 2.43028 0 9.21566 0 9.15177 0 0 12.4501 1.18102 0.0104471 0 0 0
214 4500.00 1058.28 0.606542 42.8499 0.912127 21.657 2.5356 0 9.36061 0 9.0753 0 0 12.413 1.186 0.0104933 0 0 0
215 4500.00 1056.28 0.597913 42.5898 0.97136 21.7018 2.65368 0 9.51768 0 8.99352 0 0 12.3709 1.19074 0.0105379 0 0 0
216 4500.00 1054.27 0.606017 42.8082 1.33119 21.8044 2.46803 0 9.53681 0 8.71823 0 0 12.0779 1.24393 0.0112688 0 0 0
217 4500.00 1052.27 0.641784 42.7952 2.49304 21.4656 2.06072 0 9.38333 0 8.4098 0 0 12.1257 1.25499 0.0116249 0 0 0
218 4500.00 1050.27 0.772650 41.8073 2.52005 20.8235 4.68652 0 11.913 0 6.69376 0 0 10.0055 1.53535 0.0150122 0 0 0
219 4500.00 1048.26 0.780261 41.211 2.54332 20.9545 5.23152 0 12.4428 0 6.43134 0 0 9.59594 1.57409 0.0155299 0 0 0
220 4500.00 1046.26 0.751389 41.2373 2.5756 20.5776 5.25609 0 12.3454 0 6.474 0 0 9.9627 1.55601 0.0152599 0 0 0
221 4500.00 1044.26 0.733794 41.379 2.53082 20.6132 5.22547 0 12.3035 0 6.41093 0 0 9.93967 1.58182 0.0155761 0 0 0
222 4500.00 1042.25 0.715535 41.5107 2.48711 20.67 5.20035 0 12.2674 0 6.33942 0 0 9.89918 1.60989 0.0159237 0 0 0
223 4500.00 1040.25 0.697964 41.641 2.44389 20.7264 5.17571 0 12.2309 0 6.26902 0 0 9.85869 1.63813 0.0162748 0 0 0
224 4500.00 1038.24 0.681052 41.7699 2.4012 20.7822 5.15153 0 12.1941 0 6.19968 0 0 9.81815 1.66656 0.0166297 0 0 0
225 4500.00 1036.24 0.664771 41.8976 2.35904 20.8374 5.12778 0 12.1571 0 6.13133 0 0 9.77756 1.69519 0.0169886 0 0 0
226 4500.00 1034.24 0.649093 42.0241 2.31743 20.892 5.10444 0 12.1199 0 6.0639 0 0 9.73687 1.72403 0.0173516 0 0 0
227 4500.00 1032.23 0.633993 42.1496 2.27636 20.9459 5.08148 0 12.0825 0 5.99734 0 0 9.69608 1.75309 0.017719 0 0 0
228 4500.00 1030.23 0.619452 42.2742 2.23581 20.9992 5.05884 0 12.0448 0 5.93154 0 0 9.6551 1.7824 0.0180912 0 0 0
229 4500.00 1028.23 0.604724 42.3891 2.19922 21.0423 5.04155 0 12.006 0 5.86701 0 0 9.62561 1.81076 0.0184511 0 0 0
230 4500.00 1026.22 0.588162 42.4756 2.17281 21.0649 5.04056 0 11.9655 0 5.80112 0 0 9.62395 1.83679 0.0187779 0 0 0
231 4500.00 1024.22 0.574469 42.5839 2.14011 21.0791 5.0269 0 11.9215 0 5.74601 0 0 9.62088 1.86248 0.0191016 0 0 0
232 4500.00 1022.22 0.561259 42.6918 2.10746 21.0938 5.01363 0 11.8775 0 5.69122 0 0 9.61656 1.88854 0.019431 0 0 0
233 4500.00 1020.21 0.548515 42.7993 2.07487 21.109 5.00074 0 11.8335 0 5.63672 0 0 9.61102 1.91499 0.0197662 0 0 0
234 4500.00 1018.21 0.536218 42.9066 2.04238 21.1246 4.98822 0 11.7895 0 5.58252 0 0 9.60429 1.94183 0.0201073 0 0 0
235 4500.00 1016.21 0.524349 43.0135 2.01001 21.1404 4.97604 0 11.7455 0 5.52859 0 0 9.59639 1.96905 0.0204545 0 0 0
236 4500.00 1014.20 0.512892 43.1203 1.97779 21.1565 4.9642 0 11.7015 0 5.47492 0 0 9.58733 1.99667 0.0208079 0 0 0
237 4500.00 1012.20 0.501831 43.2268 1.94573 21.1727 4.95267 0 11.6576 0 5.42152 0 0 9.57715 2.02469 0.0211677 0 0 0
238 4500.00 1010.20 0.491148 43.3333 1.91384 21.189 4.94145 0 11.6136 0 5.36836 0 0 9.56586 2.0531 0.0215338 0 0 0
239 4500.00 1008.19 0.480828 43.4395 1.88215 21.2053 4.93052 0 11.5698 0 5.31545 0 0 9.55348 2.0819 0.0219065 0 0 0
240 4500.00 1006.19 0.470858 43.5458 1.85067 21.2216 4.91987 0 11.5259 0 5.26277 0 0 9.54003 2.11111 0.022286 0 0 0
241 4500.00 1004.18 0.461222 43.6519 1.8194 21.2378 4.90948 0 11.4822 0 5.21034 0 0 9.52554 2.14072 0.0226722 0 0 0
242 4500.00 1002.18 0.451908 43.758 1.78836 21.2539 4.89934 0 11.4384 0 5.15813 0 0 9.51002 2.17073 0.0230654 0 0 0
243 4500.00 1000.18 0.442901 43.8641 1.75756 21.2698 4.88943 0 11.3948 0 5.10615 0 0 9.49349 2.20114 0.0234657 0 0 0
244 4500.00 998.17 0.434191 43.9703 1.727 21.2856 4.87975 0 11.3512 0 5.05439 0 0 9.47596 2.23195 0.0238733 0 0 0
245 4500.00 996.17 0.425765 44.0765 1.69669 21.3011 4.87027 0 11.3077 0 5.00286 0 0 9.45745 2.26317 0.0242881 0 0 0
246 4500.00 994.17 0.417611 44.1828 1.66664 21.3163 4.86098 0 11.2642 0 4.95154 0 0 9.43799 2.29479 0.0247105 0 0 0
247 4500.00 992.16 0.409718 44.2892 1.63686 21.3313 4.85187 0 11.2208 0 4.90045 0 0 9.41758 2.32681 0.0251405 0 0 0
248 4500.00 990.16 0.402078 44.3957 1.60734 21.3459 4.84293 0 11.1775 0 4.84958 0 0 9.39625 2.35924 0.0255782 0 0 0
249 4500.00 988.16 0.394678 44.5023 1.5781 21.3601 4.83414 0 11.1343 0 4.79892 0 0 9.374 2.39206 0.0260239 0 0 0
250 4500.00 986.15 0.387511 44.6091 1.54913 21.374 4.82549 0 11.0911 0 4.74849 0 0 9.35086 2.42529 0.0264776 0 0 0
251 4500.00 984.15 0.380566 44.7161 1.52044 21.3875 4.81696 0 11.048 0 4.69827 0 0 9.32683 2.45891 0.0269394 0 0 0
252 4500.00 982.15 0.373836 44.8234 1.49204 21.4005 4.80855 0 11.005 0 4.64827 0 0 9.30193 2.49294 0.0274096 0 0 0
253 4500.00 980.14 0.367311 44.9308 1.46392 21.4131 4.80023 0 10.962 0 4.5985 0 0 9.27618 2.52736 0.0278883 0 0 0
254 4500.00 978.14 0.360985 45.0385 1.43609 21.4252 4.79199 0 10.9192 0 4.54894 0 0 9.24958 2.56217 0.0283755 0 0 0
255 4500.00 976.13 0.354849 45.1464 1.40855 21.4369 4.78383 0 10.8763 0 4.49961 0 0 9.22216 2.59737 0.0288715 0 0 0
256 4500.00 974.13 0.348896 45.2546 1.38129 21.448 4.77572 0 10.8336 0 4.45051 0 0 9.19392 2.63296 0.0293764 0 0 0
257 4500.00 972.13 0.343119 45.3631 1.35433 21.4587 4.76766 0 10.7909 0 4.40163 0 0 9.16488 2.66894 0.0298904 0 0 0
258 4500.00 970.12 0.337511 45.4718 1.32767 21.4688 4.75963 0 10.7483 0 4.35298 0 0 9.13505 2.7053 0.0304136 0 0 0
259 4500.00 968.12 0.332067 45.5809 1.3013 21.4784 4.75162 0 10.7058 0 4.30457 0 0 9.10445 2.74204 0.0309461 0 0 0
260 4500.00 966.12 0.326780 45.6903 1.27522 21.4874 4.74362 0 10.6633 0 4.25639 0 0 9.07308 2.77915 0.0314881 0 0 0
261 4500.00 964.11 0.321644 45.8001 1.24944 21.4959 4.73561 0 10.6209 0 4.20844 0 0 9.04095 2.81664 0.0320397 0 0 0
262 4500.00 962.11 0.316654 45.9101 1.22395 21.5038 4.72758 0 10.5786 0 4.16074 0 0 9.00809 2.85449 0.0326012 0 0 0
263 4500.00 960.11 0.311804 46.0206 1.19876 21.5111 4.71952 0 10.5364 0 4.11327 0 0 8.9745 2.89271 0.0331726 0 0 0
264 4500.00 958.10 0.307089 46.1313 1.17387 21.5179 4.71142 0 10.4942 0 4.06606 0 0 8.94019 2.93129 0.0337542 0 0 0
265 4500.00 956.10 0.302504 46.2425 1.14927 21.524 4.70327 0 10.4521 0 4.01909 0 0 8.90517 2.97023 0.034346 0 0 0
266 4500.00 954.10 0.298045 46.354 1.12498 21.5296 4.69505 0 10.4101 0 3.97238 0 0 8.86947 3.00951 0.0349483 0 0 0
267 4500.00 952.09 0.293707 46.4659 1.10098 21.5345 4.68676 0 10.3682 0 3.92592 0 0 8.83308 3.04914 0.0355612 0 0 0
268 4500.00 950.09 0.289485 46.5781 1.07727 21.5389 4.67838 0 10.3263 0 3.87972 0 0 8.79602 3.0891 0.0361849 0 0 0
269 4500.00 948.09 0.285376 46.6908 1.05386 21.5426 4.6699 0 10.2846 0 3.83378 0 0 8.7583 3.1294 0.0368195 0 0 0
270 4500.00 946.08 0.281375 46.8038 1.03075 21.5457 4.66132 0 10.2429 0 3.7881 0 0 8.71993 3.17003 0.0374652 0 0 0
271 4500.00 944.08 0.277479 46.9172 1.00794 21.5482 4.65262 0 10.2013 0 3.7427 0 0 8.68093 3.21098 0.0381221 0 0 0
272 4500.00 942.07 0.273684 47.031 0.985421 21.5501 4.6438 0 10.1598 0 3.69757 0 0 8.6413 3.25225 0.0387906 0 0 0
273 4500.00 940.07 0.269987 47.1452 0.963199 21.5513 4.63484 0 10.1184 0 3.65271 0 0 8.60106 3.29382 0.0394706 0 0 0
274 4500.00 938.07 0.266383 47.2598 0.941274 21.5519 4.62573 0 10.0771 0 3.60813 0 0 8.56022 3.3357 0.0401625 0 0 0
275 4500.00 936.06 0.262870 47.3747 0.919643 21.5519 4.61647 0 10.0359 0 3.56383 0 0 8.51879 3.37788 0.0408663 0 0 0
276 4500.00 934.06 0.259445 47.49 0.898308 21.5512 4.60705 0 9.99487 0 3.51982 0 0 8.47677 3.42034 0.0415823 0 0 0
277 4500.00 932.06 0.256104 47.6058 0.877268 21.5499 4.59746 0 9.9539 0 3.4761 0 0 8.43419 3.46309 0.0423107 0 0 0
278 4500.00 930.05 0.252845 47.7218 0.856522 21.548 4.5877 0 9.91305 0 3.43267 0 0 8.39105 3.50612 0.0430516 0 0 0
279 4500.00 928.05 0.249665 47.8383 0.83607 21.5454 4.57774 0 9.87232 0 3.38953 0 0 8.34737 3.54941 0.0438052 0 0 0
280 4500.00 926.05 0.246561 47.9552 0.815912 21.5422 4.56759 0 9.83171 0 3.34669 0 0 8.30315 3.59297 0.0445717 0 0 0
281 4500.00 924.04 0.243530 48.0724 0.796047 21.5384 4.55724 0 9.79123 0 3.30416 0 0 8.25841 3.63678 0.0453514 0 0 0
282 4500.00 922.04 0.240570 48.1899 0.776475 21.534 4.54668 0 9.75089 0 3.26192 0 0 8.21315 3.68084 0.0461445 0 0 0
283 4500.00 920.04 0.237679 48.3079 0.757195 21.5289 4.53591 0 9.71069 0 3.22 0 0 8.1674 3.72514 0.046951 0 0 0
284 4500.00 918.03 0.234855 48.4261 0.738207 21.5231 4.52492 0 9.67062 0 3.17838 0 0 8.12115 3.76967 0.0477713 0 0 0
285 4500.00 916.03 0.232094 48.5448 0.71951 21.5168 4.51369 0 9.63071 0 3.13708 0 0 8.07442 3.81443 0.0486056 0 0 0
286 4500.00 914.02 0.229395 48.6637 0.701104 21.5098 4.50224 0 9.59095 0 3.09609 0 0 8.02722 3.85941 0.0494541 0 0 0
287 4500.00 912.02 0.226756 48.783 0.682987 21.5022 4.49054 0 9.55136 0 3.05543 0 0 7.97957 3.90459 0.050317 0 0 0
288 4500.00 910.02 0.224175 48.9026 0.665161 21.494 4.47859 0 9.51192 0 3.01508 0 0 7.93147 3.94998 0.0511945 0 0 0
289 4500.00 908.01 0.221649 49.0226 0.647623 21.4851 4.4664 0 9.47266 0 2.97505 0 0 7.88293 3.99557 0.0520869 0 0 0
290 4500.00 906.01 0.219178 49.1428 0.630374 21.4757 4.45394 0 9.43357 0 2.93535 0 0 7.83397 4.04134 0.0529944 0 0 0
291 4500.00 904.01 0.216758 49.2634 0.613413 21.4656 4.44122 0 9.39467 0 2.89598 0 0 7.78459 4.08729 0.0539173 0 0 0
292 4500.00 902.00 0.214389 49.3842 0.596738 21.4549 4.42823 0 9.35595 0 2.85694 0 0 7.7348 4.13341 0.0548558 0 0 0
293 4500.00 900.00 0.212069 49.5053 0.58035 21.4436 4.41496 0 9.31743 0 2.81824 0 0 7.68463 4.1797 0.0558102 0 0 0