System Thermodynamic Data:
index Pressure Temperature mass F phi H S V Cp dVdP*10^6 dVdT*10^6 fO2(absolute) fO2-(QFM-0.5) rhol rhos viscosity aH2O chisqr
1 4500.00 1400.00 100.124544 1.0000000000000000 1.000000 -1177269.118928 302.762170 39.192876 152.456448 -223.389407 3586.649868 -6.523 0.000 2.554662 0.000000 1.178 n/a n/a
2 4500.00 1397.00 100.124603 1.0000000000000000 1.000000 -1177727.277507 302.488726 39.182168 152.455001 -223.433420 3586.672928 -6.548 0.000 2.555361 0.000000 1.187 n/a n/a
3 4500.00 1394.00 100.124663 1.0000000000000000 1.000000 -1178185.451964 302.214795 39.171461 152.453561 -223.477466 3586.696549 -6.574 0.000 2.556062 0.000000 1.197 n/a n/a
4 4500.00 1391.00 100.124725 1.0000000000000000 1.000000 -1178643.642517 301.940377 39.160755 152.452126 -223.521546 3586.720737 -6.600 0.000 2.556762 0.000000 1.206 n/a n/a
5 4500.00 1388.00 100.124789 1.0000000000000000 1.000000 -1179101.849385 301.665469 39.150050 152.450698 -223.565659 3586.745496 -6.626 0.000 2.557463 0.000000 1.216 n/a n/a
6 4500.00 1385.00 100.124853 1.0000000000000000 1.000000 -1179560.072790 301.390069 39.139346 152.449274 -223.609806 3586.770831 -6.652 0.000 2.558164 0.000000 1.225 n/a n/a
7 4500.00 1382.00 100.124919 1.0000000000000000 1.000000 -1180018.312958 301.114176 39.128643 152.447857 -223.653989 3586.796745 -6.678 0.000 2.558865 0.000000 1.235 n/a n/a
8 4500.00 1379.00 100.124987 1.0000000000000000 1.000000 -1180476.570114 300.837789 39.117941 152.446446 -223.698208 3586.823246 -6.704 0.000 2.559567 0.000000 1.245 n/a n/a
9 4500.00 1376.00 100.125056 1.0000000000000000 1.000000 -1180934.844490 300.560904 39.107241 152.445041 -223.742463 3586.850336 -6.731 0.000 2.560269 0.000000 1.254 n/a n/a
10 4500.00 1373.00 100.125127 1.0000000000000000 1.000000 -1181393.136318 300.283521 39.096542 152.443642 -223.786756 3586.878020 -6.757 0.000 2.560971 0.000000 1.264 n/a n/a
11 4500.00 1370.00 100.125199 1.0000000000000000 1.000000 -1181851.445834 300.005638 39.085844 152.442249 -223.831086 3586.906305 -6.784 0.000 2.561674 0.000000 1.274 n/a n/a
12 4500.00 1367.00 100.125273 1.0000000000000000 1.000000 -1182309.773276 299.727252 39.075147 152.440862 -223.875456 3586.935194 -6.810 0.000 2.562377 0.000000 1.284 n/a n/a
13 4500.00 1364.00 100.125348 1.0000000000000000 1.000000 -1182768.118885 299.448362 39.064451 152.439481 -223.919866 3586.964693 -6.837 0.000 2.563081 0.000000 1.294 n/a n/a
14 4500.00 1361.00 100.125425 1.0000000000000000 1.000000 -1183226.482905 299.168966 39.053756 152.438107 -223.964315 3586.994807 -6.864 0.000 2.563785 0.000000 1.304 n/a n/a
15 4500.00 1358.00 100.125504 1.0000000000000000 1.000000 -1183684.865584 298.889062 39.043063 152.436738 -224.008806 3587.025541 -6.891 0.000 2.564489 0.000000 1.314 n/a n/a
16 4500.00 1355.00 100.125584 1.0000000000000000 1.000000 -1184143.267171 298.608648 39.032370 152.435377 -224.053339 3587.056900 -6.918 0.000 2.565194 0.000000 1.324 n/a n/a
17 4500.00 1352.00 100.125666 1.0000000000000000 1.000000 -1184601.687920 298.327722 39.021679 152.434021 -224.097915 3587.088890 -6.945 0.000 2.565898 0.000000 1.334 n/a n/a
18 4500.00 1349.00 100.125749 1.0000000000000000 1.000000 -1185060.128085 298.046283 39.010990 152.432672 -224.142534 3587.121516 -6.973 0.000 2.566604 0.000000 1.344 n/a n/a
19 4500.00 1346.00 100.125834 1.0000000000000000 1.000000 -1185518.587928 297.764328 39.000301 152.431330 -224.187198 3587.154784 -7.000 0.000 2.567309 0.000000 1.354 n/a n/a
20 4500.00 1343.00 100.125920 1.0000000000000000 1.000000 -1185977.067709 297.481855 38.989613 152.429994 -224.231906 3587.188698 -7.027 0.000 2.568015 0.000000 1.364 n/a n/a
21 4500.00 1340.00 100.126009 1.0000000000000000 1.000000 -1186435.567695 297.198863 38.978927 152.428665 -224.276661 3587.223265 -7.055 0.000 2.568722 0.000000 1.374 n/a n/a
22 4500.00 1337.00 100.126099 1.0000000000000000 1.000000 -1186894.088154 296.915350 38.968242 152.427342 -224.321463 3587.258490 -7.083 0.000 2.569428 0.000000 1.384 n/a n/a
23 4500.00 1334.00 100.126190 1.0000000000000000 1.000000 -1187352.629358 296.631313 38.957559 152.426027 -224.366312 3587.294378 -7.110 0.000 2.570135 0.000000 1.394 n/a n/a
24 4500.00 1331.00 100.126284 1.0000000000000000 1.000000 -1187811.191584 296.346751 38.946876 152.424718 -224.411210 3587.330937 -7.138 0.000 2.570842 0.000000 1.405 n/a n/a
25 4500.00 1328.00 100.126379 1.0000000000000000 1.000000 -1188269.775109 296.061662 38.936195 152.423416 -224.456157 3587.368171 -7.166 0.000 2.571550 0.000000 1.415 n/a n/a
26 4500.00 1325.00 100.126476 1.0000000000000000 1.000000 -1188728.380216 295.776043 38.925515 152.422121 -224.501155 3587.406086 -7.194 0.000 2.572258 0.000000 1.425 n/a n/a
27 4500.00 1322.00 100.126574 1.0000000000000000 1.000000 -1189187.007192 295.489893 38.914836 152.420833 -224.546204 3587.444689 -7.222 0.000 2.572967 0.000000 1.436 n/a n/a
28 4500.00 1319.00 100.126675 1.0000000000000000 1.000000 -1189645.656325 295.203209 38.904158 152.419552 -224.591304 3587.483985 -7.251 0.000 2.573675 0.000000 1.446 n/a n/a
29 4500.00 1316.00 100.126777 1.0000000000000000 1.000000 -1190104.327908 294.915990 38.893482 152.418279 -224.636458 3587.523981 -7.279 0.000 2.574384 0.000000 1.457 n/a n/a
30 4500.00 1313.00 100.126881 1.0000000000000000 1.000000 -1190563.022239 294.628234 38.882807 152.417012 -224.681666 3587.564683 -7.308 0.000 2.575094 0.000000 1.467 n/a n/a
31 4500.00 1310.00 100.126987 1.0000000000000000 1.000000 -1191021.739618 294.339938 38.872134 152.415753 -224.726929 3587.606097 -7.336 0.000 2.575804 0.000000 1.478 n/a n/a
32 4500.00 1307.00 100.127094 1.0000000000000000 1.000000 -1191480.480349 294.051100 38.861461 152.414502 -224.772248 3587.648229 -7.365 0.000 2.576514 0.000000 1.488 n/a n/a
33 4500.00 1304.00 100.127204 1.0000000000000000 1.000000 -1191939.244740 293.761718 38.850790 152.413258 -224.817623 3587.691087 -7.394 0.000 2.577224 0.000000 1.499 n/a n/a
34 4500.00 1301.00 100.127315 1.0000000000000000 1.000000 -1192398.033103 293.471791 38.840120 152.412021 -224.863056 3587.734676 -7.423 0.000 2.577935 0.000000 1.510 n/a n/a
35 4500.00 1298.00 100.127428 1.0000000000000000 1.000000 -1192856.845755 293.181316 38.829452 152.410792 -224.908548 3587.779004 -7.452 0.000 2.578646 0.000000 1.520 n/a n/a
36 4500.00 1295.00 100.127543 1.0000000000000000 1.000000 -1193315.683016 292.890291 38.818785 152.409571 -224.954099 3587.824076 -7.481 0.000 2.579358 0.000000 1.531 n/a n/a
37 4500.00 1292.00 100.127660 1.0000000000000000 1.000000 -1193774.545209 292.598713 38.808119 152.408358 -224.999711 3587.869900 -7.510 0.000 2.580070 0.000000 1.542 n/a n/a
38 4500.00 1289.00 100.127779 1.0000000000000000 1.000000 -1194233.432663 292.306581 38.797455 152.407152 -225.045385 3587.916483 -7.540 0.000 2.580782 0.000000 1.553 n/a n/a
39 4500.00 1286.00 100.127900 1.0000000000000000 1.000000 -1194692.345711 292.013893 38.786791 152.405955 -225.091122 3587.963832 -7.569 0.000 2.581495 0.000000 1.564 n/a n/a
40 4500.00 1283.00 100.128023 1.0000000000000000 1.000000 -1195151.284689 291.720646 38.776130 152.404766 -225.136923 3588.011954 -7.599 0.000 2.582208 0.000000 1.575 n/a n/a
41 4500.00 1280.00 100.128148 1.0000000000000000 1.000000 -1195610.249939 291.426838 38.765469 152.403584 -225.182788 3588.060855 -7.628 0.000 2.582921 0.000000 1.586 n/a n/a
42 4500.00 1277.00 100.128275 1.0000000000000000 1.000000 -1196069.241807 291.132467 38.754810 152.402411 -225.228720 3588.110544 -7.658 0.000 2.583635 0.000000 1.597 n/a n/a
43 4500.00 1274.00 100.128404 1.0000000000000000 1.000000 -1196528.260642 290.837531 38.744153 152.401247 -225.274718 3588.161027 -7.688 0.000 2.584349 0.000000 1.608 n/a n/a
44 4500.00 1271.00 100.128535 1.0000000000000000 1.000000 -1196987.306800 290.542027 38.733497 152.400090 -225.320784 3588.212312 -7.718 0.000 2.585063 0.000000 1.619 n/a n/a
45 4500.00 1268.00 100.128668 1.0000000000000000 1.000000 -1197446.380640 290.245954 38.722842 152.398942 -225.366920 3588.264407 -7.748 0.000 2.585778 0.000000 1.630 n/a n/a
46 4500.00 1265.00 100.128803 1.0000000000000000 1.000000 -1197905.482527 289.949309 38.712188 152.397803 -225.413126 3588.317319 -7.779 0.000 2.586493 0.000000 1.641 n/a n/a
47 4500.00 1262.00 100.128940 1.0000000000000000 1.000000 -1198364.612828 289.652089 38.701536 152.396673 -225.459404 3588.371057 -7.809 0.000 2.587208 0.000000 1.652 n/a n/a
48 4500.00 1259.00 100.129080 1.0000000000000000 1.000000 -1198823.771918 289.354293 38.690886 152.395551 -225.505754 3588.425627 -7.840 0.000 2.587924 0.000000 1.664 n/a n/a
49 4500.00 1256.00 100.129221 1.0000000000000000 1.000000 -1199282.960176 289.055918 38.680237 152.394438 -225.552178 3588.481037 -7.870 0.000 2.588640 0.000000 1.675 n/a n/a
50 4500.00 1253.00 100.129365 1.0000000000000000 1.000000 -1199742.177986 288.756961 38.669589 152.393334 -225.598677 3588.537297 -7.901 0.000 2.589357 0.000000 1.686 n/a n/a
51 4500.00 1250.00 100.129511 1.0000000000000000 1.000000 -1200201.425736 288.457422 38.658943 152.392240 -225.645253 3588.594414 -7.932 0.000 2.590074 0.000000 1.698 n/a n/a
52 4500.00 1247.00 100.129659 1.0000000000000000 1.000000 -1200660.703820 288.157296 38.648298 152.391154 -225.691905 3588.652396 -7.963 0.000 2.590791 0.000000 1.709 n/a n/a
53 4500.00 1244.00 100.129809 1.0000000000000000 1.000000 -1201120.012639 287.856582 38.637654 152.390078 -225.738637 3588.711252 -7.994 0.000 2.591508 0.000000 1.721 n/a n/a
54 4500.00 1241.00 100.129962 1.0000000000000000 1.000000 -1201579.352597 287.555278 38.627013 152.389011 -225.785448 3588.770990 -8.025 0.000 2.592226 0.000000 1.732 n/a n/a
55 4500.00 1238.00 100.130117 1.0000000000000000 1.000000 -1202038.724104 287.253381 38.616372 152.387954 -225.832340 3588.831620 -8.057 0.000 2.592945 0.000000 1.744 n/a n/a
56 4500.00 1235.00 100.130274 1.0000000000000000 1.000000 -1202498.127576 286.950889 38.605733 152.386906 -225.879315 3588.893148 -8.088 0.000 2.593663 0.000000 1.755 n/a n/a
57 4500.00 1232.00 100.130433 1.0000000000000000 1.000000 -1202957.563435 286.647799 38.595096 152.385868 -225.926374 3588.955585 -8.120 0.000 2.594382 0.000000 1.767 n/a n/a
58 4500.00 1229.00 100.130595 1.0000000000000000 1.000000 -1203417.032106 286.344108 38.584460 152.384840 -225.973517 3589.018940 -8.152 0.000 2.595102 0.000000 1.779 n/a n/a
59 4500.00 1226.00 100.130759 1.0000000000000000 1.000000 -1203876.534025 286.039815 38.573826 152.383822 -226.020747 3589.083221 -8.184 0.000 2.595821 0.000000 1.791 n/a n/a
60 4500.00 1223.00 100.130926 1.0000000000000000 1.000000 -1204336.069629 285.734918 38.563193 152.382814 -226.068065 3589.148438 -8.216 0.000 2.596541 0.000000 1.802 n/a n/a
61 4500.00 1220.00 100.131095 1.0000000000000000 1.000000 -1204795.639363 285.429412 38.552562 152.381817 -226.115472 3589.214600 -8.248 0.000 2.597262 0.000000 1.814 n/a n/a
62 4500.00 1217.00 100.131266 1.0000000000000000 1.000000 -1205255.243678 285.123297 38.541933 152.380829 -226.162969 3589.281717 -8.280 0.000 2.597982 0.000000 1.826 n/a n/a
63 4500.00 1214.00 100.131440 1.0000000000000000 1.000000 -1205714.883031 284.816569 38.531305 152.379852 -226.210559 3589.349798 -8.313 0.000 2.598704 0.000000 1.838 n/a n/a
64 4500.00 1211.00 100.131616 1.0000000000000000 1.000000 -1206174.557887 284.509226 38.520678 152.378886 -226.258241 3589.418853 -8.345 0.000 2.599425 0.000000 1.850 n/a n/a
65 4500.00 1208.00 100.131795 1.0000000000000000 1.000000 -1206634.268714 284.201266 38.510053 152.377930 -226.306018 3589.488892 -8.378 0.000 2.600147 0.000000 1.862 n/a n/a
66 4500.00 1205.00 100.131977 1.0000000000000000 1.000000 -1207087.611007 283.897016 38.499430 148.914099 -226.353892 3589.559924 -8.411 0.000 2.600869 0.000000 1.874 n/a n/a
67 4500.00 1202.00 100.132161 1.0000000000000000 1.000000 -1207537.002503 283.594851 38.488809 148.910660 -226.401863 3589.631961 -8.444 0.000 2.601592 0.000000 1.887 n/a n/a
68 4500.00 1199.00 100.132347 1.0000000000000000 1.000000 -1207986.423544 283.292080 38.478189 148.907182 -226.449934 3589.705011 -8.477 0.000 2.602314 0.000000 1.899 n/a n/a
69 4500.00 1196.00 100.132536 1.0000000000000000 1.000000 -1208435.874469 282.988701 38.467570 148.903664 -226.498105 3589.779087 -8.510 0.000 2.603038 0.000000 1.911 n/a n/a
70 4500.00 1193.00 100.132728 1.0000000000000000 1.000000 -1208885.355619 282.684712 38.456954 148.900106 -226.546379 3589.854198 -8.543 0.000 2.603761 0.000000 1.923 n/a n/a
71 4500.00 1190.00 100.132923 1.0000000000000000 1.000000 -1209334.867342 282.380111 38.446339 148.896508 -226.594756 3589.930354 -8.577 0.000 2.604485 0.000000 1.936 n/a n/a
72 4500.00 1187.00 100.133120 1.0000000000000000 1.000000 -1209784.409994 282.074893 38.435725 148.892871 -226.643239 3590.007568 -8.610 0.000 2.605210 0.000000 1.948 n/a n/a
73 4500.00 1184.00 100.133320 1.0000000000000000 1.000000 -1210233.983936 281.769059 38.425114 148.889193 -226.691829 3590.085849 -8.644 0.000 2.605934 0.000000 1.961 n/a n/a
74 4500.00 1181.00 100.133523 1.0000000000000000 1.000000 -1210683.589535 281.462603 38.414504 148.885475 -226.740527 3590.165210 -8.678 0.000 2.606659 0.000000 1.973 n/a n/a
75 4500.00 1178.00 100.133687 0.9792797223394879 0.983263 -1212007.479259 280.553498 38.304686 148.120597 -224.660103 3568.258582 -8.712 0.000 2.603548 3.236197 1.990 n/a n/a
76 4500.00 1181.00 100.133500 0.9930422951491226 0.994387 -1210977.859960 281.260067 38.381162 148.629888 -226.025601 3582.819927 -8.678 0.000 2.605394 3.234137 1.975 n/a n/a
77 4500.00 1184.00 100.133320 1.0000000000000000 1.000000 -1210233.983936 281.769059 38.425114 148.889193 -226.691829 3590.085849 -8.644 0.000 2.605934 0.000000 1.961 n/a n/a
78 4500.00 1183.00 100.133387 1.0000000000000000 1.000000 -1210383.848933 281.666976 38.421577 148.887958 -226.708049 3590.112182 -8.655 0.000 2.606176 0.000000 1.965 n/a n/a
79 4500.00 1182.00 100.133455 1.0000000000000000 1.000000 -1210533.717461 281.564824 38.418040 148.886719 -226.724282 3590.138636 -8.667 0.000 2.606418 0.000000 1.969 n/a n/a
80 4500.00 1181.00 100.133523 1.0000000000000000 1.000000 -1210683.589535 281.462603 38.414504 148.885475 -226.740527 3590.165210 -8.678 0.000 2.606659 0.000000 1.973 n/a n/a
81 4500.00 1180.00 100.133591 1.0000000000000000 1.000000 -1210833.465167 281.360313 38.410968 148.884227 -226.756784 3590.191905 -8.689 0.000 2.606901 0.000000 1.977 n/a n/a
82 4500.00 1179.00 100.133621 0.9838361292458638 0.986949 -1211665.893036 280.788018 38.330016 148.289218 -225.112089 3573.095998 -8.701 0.000 2.604168 3.235509 1.985 n/a n/a
83 4500.00 1180.00 100.133559 0.9884235166249826 0.990657 -1211322.693280 281.023537 38.355508 148.458977 -225.567239 3577.949663 -8.689 0.000 2.604783 3.234822 1.980 n/a n/a
84 4500.00 1181.00 100.133500 0.9930422951491071 0.994387 -1210977.859960 281.260067 38.381162 148.629888 -226.025601 3582.819927 -8.678 0.000 2.605394 3.234137 1.975 n/a n/a
85 4500.00 1182.00 100.133446 0.9976928841293534 0.998140 -1210631.372632 281.497623 38.406981 148.801968 -226.487223 3587.707151 -8.667 0.000 2.606001 3.233454 1.969 n/a n/a
86 4500.00 1183.00 100.133387 1.0000000000000000 1.000000 -1210383.848933 281.666976 38.421577 148.887958 -226.708049 3590.112182 -8.655 0.000 2.606176 0.000000 1.965 n/a n/a
87 4500.00 1182.90 100.133394 1.0000000000000000 1.000000 -1210398.835626 281.656764 38.421223 148.887834 -226.709672 3590.114822 -8.657 0.000 2.606200 0.000000 1.965 n/a n/a
88 4500.00 1182.80 100.133401 1.0000000000000000 1.000000 -1210413.822356 281.646551 38.420870 148.887711 -226.711295 3590.117463 -8.658 0.000 2.606224 0.000000 1.966 n/a n/a
89 4500.00 1182.70 100.133407 1.0000000000000000 1.000000 -1210428.809120 281.636338 38.420516 148.887587 -226.712918 3590.120106 -8.659 0.000 2.606248 0.000000 1.966 n/a n/a
90 4500.00 1182.60 100.133414 1.0000000000000000 1.000000 -1210443.795920 281.626124 38.420162 148.887463 -226.714541 3590.122749 -8.660 0.000 2.606273 0.000000 1.966 n/a n/a
91 4500.00 1182.50 100.133421 1.0000000000000000 1.000000 -1210458.782755 281.615909 38.419809 148.887339 -226.716164 3590.125394 -8.661 0.000 2.606297 0.000000 1.967 n/a n/a
92 4500.00 1182.40 100.133428 1.0000000000000000 1.000000 -1210473.769625 281.605693 38.419455 148.887215 -226.717787 3590.128040 -8.662 0.000 2.606321 0.000000 1.967 n/a n/a
93 4500.00 1182.30 100.133434 1.0000000000000000 1.000000 -1210488.756531 281.595477 38.419101 148.887091 -226.719411 3590.130687 -8.663 0.000 2.606345 0.000000 1.968 n/a n/a
94 4500.00 1182.20 100.133441 1.0000000000000000 1.000000 -1210503.743472 281.585260 38.418748 148.886967 -226.721035 3590.133335 -8.664 0.000 2.606369 0.000000 1.968 n/a n/a
95 4500.00 1182.10 100.133448 1.0000000000000000 1.000000 -1210518.730449 281.575042 38.418394 148.886843 -226.722658 3590.135985 -8.666 0.000 2.606393 0.000000 1.969 n/a n/a
96 4500.00 1182.00 100.133455 1.0000000000000000 1.000000 -1210533.717461 281.564824 38.418040 148.886719 -226.724282 3590.138636 -8.667 0.000 2.606418 0.000000 1.969 n/a n/a
97 4500.00 1181.90 100.133462 1.0000000000000000 1.000000 -1210548.704509 281.554605 38.417687 148.886595 -226.725906 3590.141288 -8.668 0.000 2.606442 0.000000 1.969 n/a n/a
98 4500.00 1181.80 100.133468 1.0000000000000000 1.000000 -1210563.691592 281.544386 38.417333 148.886470 -226.727530 3590.143941 -8.669 0.000 2.606466 0.000000 1.970 n/a n/a
99 4500.00 1181.70 100.133475 1.0000000000000000 1.000000 -1210578.678710 281.534165 38.416979 148.886346 -226.729154 3590.146595 -8.670 0.000 2.606490 0.000000 1.970 n/a n/a
100 4500.00 1181.60 100.133482 1.0000000000000000 1.000000 -1210593.665864 281.523944 38.416626 148.886222 -226.730779 3590.149251 -8.671 0.000 2.606514 0.000000 1.971 n/a n/a
101 4500.00 1181.50 100.133489 1.0000000000000000 1.000000 -1210608.653054 281.513722 38.416272 148.886097 -226.732403 3590.151908 -8.672 0.000 2.606538 0.000000 1.971 n/a n/a
102 4500.00 1181.40 100.133495 1.0000000000000000 1.000000 -1210623.640279 281.503500 38.415918 148.885973 -226.734028 3590.154566 -8.674 0.000 2.606563 0.000000 1.971 n/a n/a
103 4500.00 1181.30 100.133502 1.0000000000000000 1.000000 -1210638.627539 281.493277 38.415565 148.885848 -226.735652 3590.157225 -8.675 0.000 2.606587 0.000000 1.972 n/a n/a
104 4500.00 1181.20 100.133509 1.0000000000000000 1.000000 -1210653.614836 281.483053 38.415211 148.885724 -226.737277 3590.159885 -8.676 0.000 2.606611 0.000000 1.972 n/a n/a
105 4500.00 1181.10 100.133516 1.0000000000000000 1.000000 -1210668.602167 281.472829 38.414857 148.885599 -226.738902 3590.162547 -8.677 0.000 2.606635 0.000000 1.973 n/a n/a
106 4500.00 1181.00 100.133523 1.0000000000000000 1.000000 -1210683.589535 281.462603 38.414504 148.885475 -226.740527 3590.165210 -8.678 0.000 2.606659 0.000000 1.973 n/a n/a
107 4500.00 1180.90 100.133529 1.0000000000000000 1.000000 -1210698.576937 281.452378 38.414150 148.885350 -226.742152 3590.167874 -8.679 0.000 2.606683 0.000000 1.974 n/a n/a
108 4500.00 1180.80 100.133536 1.0000000000000000 1.000000 -1210713.564376 281.442151 38.413797 148.885226 -226.743778 3590.170539 -8.680 0.000 2.606708 0.000000 1.974 n/a n/a
109 4500.00 1180.70 100.133543 1.0000000000000000 1.000000 -1210728.551850 281.431924 38.413443 148.885101 -226.745403 3590.173206 -8.681 0.000 2.606732 0.000000 1.974 n/a n/a
110 4500.00 1180.60 100.133550 1.0000000000000000 1.000000 -1210743.539360 281.421696 38.413089 148.884976 -226.747029 3590.175873 -8.683 0.000 2.606756 0.000000 1.975 n/a n/a
111 4500.00 1180.50 100.133557 1.0000000000000000 1.000000 -1210758.526905 281.411467 38.412736 148.884851 -226.748654 3590.178542 -8.684 0.000 2.606780 0.000000 1.975 n/a n/a
112 4500.00 1180.40 100.133563 1.0000000000000000 1.000000 -1210773.514486 281.401238 38.412382 148.884726 -226.750280 3590.181212 -8.685 0.000 2.606804 0.000000 1.976 n/a n/a
113 4500.00 1180.30 100.133570 1.0000000000000000 1.000000 -1210788.502103 281.391008 38.412028 148.884602 -226.751906 3590.183884 -8.686 0.000 2.606828 0.000000 1.976 n/a n/a
114 4500.00 1180.20 100.133577 1.0000000000000000 1.000000 -1210803.489755 281.380777 38.411675 148.884477 -226.753532 3590.186556 -8.687 0.000 2.606853 0.000000 1.976 n/a n/a
115 4500.00 1180.10 100.133584 1.0000000000000000 1.000000 -1210818.477443 281.370546 38.411321 148.884352 -226.755158 3590.189230 -8.688 0.000 2.606877 0.000000 1.977 n/a n/a
116 4500.00 1180.00 100.133591 1.0000000000000000 1.000000 -1210833.465167 281.360313 38.410968 148.884227 -226.756784 3590.191905 -8.689 0.000 2.606901 0.000000 1.977 n/a n/a
117 4500.00 1179.90 100.133598 1.0000000000000000 1.000000 -1210848.452926 281.350081 38.410614 148.884101 -226.758411 3590.194581 -8.691 0.000 2.606925 0.000000 1.978 n/a n/a
118 4500.00 1179.80 100.133604 1.0000000000000000 1.000000 -1210863.440722 281.339847 38.410260 148.883976 -226.760037 3590.197259 -8.692 0.000 2.606949 0.000000 1.978 n/a n/a
119 4500.00 1179.70 100.133611 1.0000000000000000 1.000000 -1210878.428553 281.329613 38.409907 148.883851 -226.761664 3590.199937 -8.693 0.000 2.606974 0.000000 1.979 n/a n/a
120 4500.00 1179.60 100.133618 1.0000000000000000 1.000000 -1210893.416420 281.319378 38.409553 148.883726 -226.763291 3590.202617 -8.694 0.000 2.606998 0.000000 1.979 n/a n/a
121 4500.00 1179.50 100.133589 0.9861259249088381 0.988800 -1211494.496092 280.905651 38.342742 148.373954 -225.339265 3575.520778 -8.695 0.000 2.604476 3.235165 1.982 n/a n/a
122 4500.00 1179.60 100.133583 0.9865848179246230 0.989171 -1211460.168079 280.929208 38.345292 148.390936 -225.384796 3576.006225 -8.694 0.000 2.604538 3.235097 1.982 n/a n/a
123 4500.00 1179.70 100.133577 0.9870440231909364 0.989542 -1211425.823812 280.952775 38.347843 148.407929 -225.430359 3576.491837 -8.693 0.000 2.604599 3.235028 1.981 n/a n/a
124 4500.00 1179.80 100.133571 0.9875035411209863 0.989914 -1211391.463270 280.976352 38.350396 148.424933 -225.475954 3576.977614 -8.692 0.000 2.604661 3.234960 1.981 n/a n/a
125 4500.00 1179.90 100.133565 0.9879633721274934 0.990285 -1211357.086432 280.999939 38.352951 148.441949 -225.521580 3577.463556 -8.691 0.000 2.604722 3.234891 1.980 n/a n/a
126 4500.00 1180.00 100.133559 0.9884235166235755 0.990657 -1211322.693280 281.023537 38.355508 148.458977 -225.567239 3577.949663 -8.689 0.000 2.604783 3.234822 1.980 n/a n/a
127 4500.00 1180.10 100.133553 0.9888839750235145 0.991029 -1211288.283793 281.047144 38.358066 148.476016 -225.612930 3578.435937 -8.688 0.000 2.604845 3.234754 1.979 n/a n/a
128 4500.00 1180.20 100.133547 0.9893447477441583 0.991401 -1211253.857950 281.070761 38.360625 148.493067 -225.658653 3578.922377 -8.687 0.000 2.604906 3.234685 1.979 n/a n/a
129 4500.00 1180.30 100.133541 0.9898058352000508 0.991774 -1211219.415731 281.094389 38.363187 148.510129 -225.704408 3579.408983 -8.686 0.000 2.604967 3.234617 1.978 n/a n/a
130 4500.00 1180.40 100.133535 0.9902672378092686 0.992147 -1211184.957115 281.118027 38.365750 148.527202 -225.750196 3579.895757 -8.685 0.000 2.605028 3.234548 1.978 n/a n/a
131 4500.00 1180.50 100.133529 0.9907289559893819 0.992519 -1211150.482084 281.141675 38.368314 148.544288 -225.796016 3580.382698 -8.684 0.000 2.605089 3.234480 1.977 n/a n/a
132 4500.00 1180.60 100.133523 0.9911909901605268 0.992893 -1211115.990615 281.165333 38.370880 148.561385 -225.841868 3580.869807 -8.683 0.000 2.605150 3.234411 1.977 n/a n/a
133 4500.00 1180.70 100.133517 0.9916533407399267 0.993266 -1211081.482689 281.189001 38.373448 148.578493 -225.887752 3581.357084 -8.681 0.000 2.605211 3.234343 1.976 n/a n/a
134 4500.00 1180.80 100.133512 0.9921160081489522 0.993640 -1211046.958284 281.212680 38.376018 148.595613 -225.933669 3581.844529 -8.680 0.000 2.605272 3.234274 1.976 n/a n/a
135 4500.00 1180.90 100.133506 0.9925789928109808 0.994013 -1211012.417382 281.236368 38.378589 148.612745 -225.979619 3582.332144 -8.679 0.000 2.605333 3.234206 1.975 n/a n/a
136 4500.00 1181.00 100.133500 0.9930422951467363 0.994387 -1210977.859960 281.260067 38.381162 148.629888 -226.025601 3582.819927 -8.678 0.000 2.605394 3.234137 1.975 n/a n/a
137 4500.00 1181.10 100.133495 0.9935059155798417 0.994762 -1210943.285998 281.283777 38.383736 148.647043 -226.071616 3583.307881 -8.677 0.000 2.605455 3.234069 1.974 n/a n/a
138 4500.00 1181.20 100.133489 0.9939698545336604 0.995136 -1210908.695476 281.307496 38.386312 148.664210 -226.117663 3583.796004 -8.676 0.000 2.605516 3.234000 1.973 n/a n/a
139 4500.00 1181.30 100.133484 0.9944341124354390 0.995511 -1210874.088373 281.331226 38.388890 148.681389 -226.163743 3584.284297 -8.675 0.000 2.605577 3.233932 1.973 n/a n/a
140 4500.00 1181.40 100.133478 0.9948986897091373 0.995886 -1210839.464668 281.354966 38.391470 148.698579 -226.209856 3584.772761 -8.674 0.000 2.605637 3.233864 1.972 n/a n/a
141 4500.00 1181.50 100.133473 0.9953635867809313 0.996261 -1210804.824341 281.378716 38.394051 148.715781 -226.256001 3585.261396 -8.672 0.000 2.605698 3.233795 1.972 n/a n/a
142 4500.00 1181.60 100.133468 0.9958288040796675 0.996636 -1210770.167369 281.402477 38.396634 148.732995 -226.302180 3585.750203 -8.671 0.000 2.605759 3.233727 1.971 n/a n/a
143 4500.00 1181.70 100.133462 0.9962943420343947 0.997012 -1210735.493734 281.426248 38.399218 148.750220 -226.348391 3586.239182 -8.670 0.000 2.605819 3.233659 1.971 n/a n/a
144 4500.00 1181.80 100.133457 0.9967602010722660 0.997387 -1210700.803413 281.450030 38.401804 148.767458 -226.394635 3586.728332 -8.669 0.000 2.605880 3.233590 1.970 n/a n/a
145 4500.00 1181.90 100.133452 0.9972263816263183 0.997763 -1210666.096386 281.473821 38.404392 148.784707 -226.440913 3587.217655 -8.668 0.000 2.605940 3.233522 1.970 n/a n/a
146 4500.00 1182.00 100.133446 0.9976928841262217 0.998140 -1210631.372631 281.497623 38.406981 148.801968 -226.487223 3587.707151 -8.667 0.000 2.606001 3.233454 1.969 n/a n/a
147 4500.00 1182.10 100.133441 0.9981597090041967 0.998516 -1210596.632129 281.521436 38.409572 148.819240 -226.533566 3588.196821 -8.666 0.000 2.606061 3.233385 1.969 n/a n/a
148 4500.00 1182.20 100.133436 0.9986268566935471 0.998893 -1210561.874857 281.545259 38.412165 148.836525 -226.579943 3588.686663 -8.664 0.000 2.606121 3.233317 1.968 n/a n/a
149 4500.00 1182.30 100.133431 0.9990943276278014 0.999270 -1210527.100794 281.569092 38.414760 148.853821 -226.626352 3589.176680 -8.663 0.000 2.606182 3.233249 1.968 n/a n/a
150 4500.00 1182.40 100.133426 0.9995621222420800 0.999647 -1210492.309919 281.592936 38.417356 148.871130 -226.672795 3589.666872 -8.662 0.000 2.606242 3.233181 1.967 n/a n/a
151 4500.00 1182.50 100.133421 1.0000000000000000 1.000000 -1210458.782754 281.615909 38.419809 148.887339 -226.716164 3590.125394 -8.661 0.000 2.606297 0.000000 1.967 n/a n/a
152 4500.00 1182.50 100.133421 1.0000000000000000 1.000000 -1210458.782755 281.615909 38.419809 148.887339 -226.716164 3590.125394 -8.661 0.000 2.606297 0.000000 1.967 n/a n/a
153 4500.00 1180.50 100.133557 1.0000000000000000 1.000000 -1210759.058379 281.411104 38.412723 148.884847 -226.748712 3590.178637 -8.684 0.000 2.606781 0.000000 1.975 n/a n/a
154 4500.00 1178.49 100.133654 0.9815217645193151 0.985077 -1211839.309154 280.668970 38.317152 148.203570 -224.882498 3570.640973 -8.706 0.000 2.603854 3.235858 1.987 n/a n/a
155 4500.00 1176.49 98.285684 0.9908184329607864 0.992605 -1188948.700139 275.889641 37.695998 145.673727 -223.520975 3536.523198 -8.729 0.000 2.602631 3.237248 1.998 n/a n/a
156 4500.00 1174.49 97.385598 0.9908955352049547 0.992674 -1178137.480594 273.332126 37.368714 144.277004 -222.418489 3515.178194 -8.752 0.000 2.601404 3.238649 2.008 n/a n/a
157 4500.00 1172.48 96.501293 0.9909715136296819 0.992742 -1167521.039280 270.819138 37.047222 142.905124 -221.336597 3494.191982 -8.775 0.000 2.600174 3.240061 2.018 n/a n/a
158 4500.00 1170.48 95.632378 0.9910464012108908 0.992808 -1157094.564412 268.349575 36.731378 141.557471 -220.274789 3473.555662 -8.798 0.000 2.598940 3.241483 2.029 n/a n/a
159 4500.00 1168.48 94.778476 0.9911202302264013 0.992874 -1146853.407836 265.922369 36.421045 140.233451 -219.232571 3453.260635 -8.821 0.000 2.597702 3.242916 2.039 n/a n/a
160 4500.00 1166.47 93.939225 0.9911930317534569 0.992939 -1136793.078621 263.536493 36.116088 138.932493 -218.209465 3433.298590 -8.844 0.000 2.596461 3.244361 2.050 n/a n/a
161 4500.00 1164.47 93.114272 0.9912648361208437 0.993003 -1126909.236294 261.190949 35.816381 137.654040 -217.205011 3413.661495 -8.867 0.000 2.595216 3.245816 2.060 n/a n/a
162 4500.00 1162.46 92.303278 0.9913356727800505 0.993067 -1117197.684905 258.884775 35.521796 136.397558 -216.218762 3394.341584 -8.891 0.000 2.593967 3.247283 2.071 n/a n/a
163 4500.00 1160.46 91.505912 0.9914055703732960 0.993129 -1107654.367178 256.617041 35.232215 135.162528 -215.250288 3375.331348 -8.914 0.000 2.592715 3.248761 2.081 n/a n/a
164 4500.00 1158.46 90.721858 0.9914745567656817 0.993191 -1098275.358989 254.386845 34.947519 133.948448 -214.299171 3356.623522 -8.937 0.000 2.591460 3.250250 2.092 n/a n/a
165 4500.00 1156.45 89.950808 0.9915426590833571 0.993252 -1089056.864100 252.193315 34.667597 132.754834 -213.365007 3338.211079 -8.961 0.000 2.590201 3.251751 2.103 n/a n/a
166 4500.00 1154.45 89.192464 0.9916099037420938 0.993312 -1079995.209143 250.035608 34.392339 131.581216 -212.447407 3320.087218 -8.984 0.000 2.588939 3.253264 2.114 n/a n/a
167 4500.00 1152.45 88.446537 0.9916763164805913 0.993371 -1071086.838853 247.912907 34.121639 130.427141 -211.545991 3302.245357 -9.008 0.000 2.587673 3.254788 2.124 n/a n/a
168 4500.00 1150.44 87.712749 0.9917419223900598 0.993430 -1062328.311509 245.824420 33.855396 129.292167 -210.660395 3284.679124 -9.032 0.000 2.586404 3.256324 2.135 n/a n/a
169 4500.00 1148.44 86.990830 0.9918067459406409 0.993488 -1053716.294600 243.769383 33.593509 128.175869 -209.790264 3267.382351 -9.055 0.000 2.585132 3.257872 2.146 n/a n/a
170 4500.00 1146.44 86.280518 0.9918708110106250 0.993545 -1045247.560682 241.747053 33.335882 127.077835 -208.935254 3250.349062 -9.079 0.000 2.583857 3.259432 2.157 n/a n/a
171 4500.00 1144.43 85.581559 0.9919341409128122 0.993601 -1036918.983434 239.756710 33.082424 125.997664 -208.095034 3233.573470 -9.103 0.000 2.582578 3.261005 2.168 n/a n/a
172 4500.00 1142.43 84.893708 0.9919967584158748 0.993657 -1028727.533888 237.797658 32.833043 124.934970 -207.269281 3217.049971 -9.127 0.000 2.581297 3.262589 2.179 n/a n/a
173 4500.00 1140.43 84.216726 0.9920586857728160 0.993713 -1020670.276829 235.869221 32.587653 123.889377 -206.457683 3200.773132 -9.151 0.000 2.580012 3.264186 2.190 n/a n/a
174 4500.00 1138.42 83.550384 0.9921199447358562 0.993767 -1012744.367361 233.970745 32.346168 122.860521 -205.659938 3184.737690 -9.175 0.000 2.578725 3.265795 2.201 n/a n/a
175 4500.00 1136.42 82.894458 0.9921805565931188 0.993822 -1004947.047617 232.101593 32.108506 121.848049 -204.875753 3168.938543 -9.199 0.000 2.577435 3.267416 2.212 n/a n/a
176 4500.00 1134.41 82.248731 0.9922405421662270 0.993875 -997275.643636 230.261151 31.874589 120.851620 -204.104844 3153.370748 -9.223 0.000 2.576142 3.269050 2.223 n/a n/a
177 4500.00 1132.41 81.612992 0.9922999218534453 0.993928 -989727.562341 228.448821 31.644337 119.870901 -203.346935 3138.029511 -9.247 0.000 2.574846 3.270697 2.235 n/a n/a
178 4500.00 1130.41 80.987038 0.9923587156325702 0.993981 -982300.288688 226.664023 31.417678 118.905572 -202.601759 3122.910183 -9.272 0.000 2.573547 3.272356 2.246 n/a n/a
179 4500.00 1128.40 80.370670 0.9924169430826278 0.994033 -974991.382909 224.906194 31.194537 117.955319 -201.869058 3108.008259 -9.296 0.000 2.572246 3.274028 2.257 n/a n/a
180 4500.00 1126.40 79.763698 0.9924746234029027 0.994084 -967798.477885 223.174789 30.974845 117.019839 -201.148579 3093.319369 -9.320 0.000 2.570943 3.275713 2.269 n/a n/a
181 4500.00 1124.40 79.165935 0.9925317754247818 0.994135 -960719.276631 221.469277 30.758533 116.098840 -200.440079 3078.839273 -9.345 0.000 2.569637 3.277410 2.280 n/a n/a
182 4500.00 1122.39 78.577200 0.9925884176296305 0.994186 -953751.549882 219.789145 30.545535 115.192035 -199.743322 3064.563862 -9.370 0.000 2.568328 3.279120 2.292 n/a n/a
183 4500.00 1120.39 77.997318 0.9926445681584006 0.994236 -946893.133781 218.133892 30.335786 114.299147 -199.058078 3050.489147 -9.394 0.000 2.567018 3.280843 2.303 n/a n/a
184 4500.00 1118.39 77.426118 0.9927002448259366 0.994285 -940141.927667 216.503033 30.129223 113.419908 -198.384124 3036.611260 -9.419 0.000 2.565705 3.282579 2.315 n/a n/a
185 4500.00 1116.38 76.863436 0.9927554651326863 0.994335 -933495.891939 214.896097 29.925786 112.554057 -197.721245 3022.926448 -9.444 0.000 2.564390 3.284328 2.326 n/a n/a
186 4500.00 1114.38 76.309111 0.9928102462714958 0.994383 -926953.046026 213.312627 29.725415 111.701339 -197.069231 3009.431071 -9.469 0.000 2.563073 3.286090 2.338 n/a n/a
187 4500.00 1112.38 75.762986 0.9928646051387832 0.994432 -920511.466417 211.752177 29.528053 110.861509 -196.427879 2996.121597 -9.494 0.000 2.561754 3.287865 2.350 n/a n/a
188 4500.00 1110.37 75.224912 0.9929185583420255 0.994480 -914169.284778 210.214316 29.333645 110.034327 -195.796990 2982.994598 -9.519 0.000 2.560433 3.289653 2.361 n/a n/a
189 4500.00 1108.37 74.694656 0.9901994025145627 0.991702 -907981.055668 208.656766 29.143743 109.176779 -194.746805 2966.614747 -9.544 0.000 2.559090 3.027169 2.367 n/a n/a
190 4500.00 1106.37 73.967793 0.9901426734834226 0.991638 -898980.194607 206.631888 28.875525 108.077947 -193.576025 2949.027924 -9.569 0.000 2.557747 3.019531 2.373 n/a n/a
191 4500.00 1104.36 73.243855 0.9902319440136917 0.991720 -890000.948815 204.619074 28.608142 106.986763 -192.420790 2931.690455 -9.594 0.000 2.556404 3.020249 2.378 n/a n/a
192 4500.00 1102.36 72.533588 0.9903179184947768 0.991799 -881195.688812 202.643792 28.345806 105.916352 -191.286719 2914.669835 -9.620 0.000 2.555062 3.020964 2.384 n/a n/a
193 4500.00 1100.35 71.836491 0.9904004600952658 0.991875 -872558.103820 200.704692 28.088334 104.865955 -190.172966 2897.954354 -9.645 0.000 2.553718 3.021675 2.389 n/a n/a
194 4500.00 1098.35 71.152070 0.9904793857784532 0.991948 -864081.959985 198.800437 27.835544 103.834823 -189.078684 2881.532392 -9.670 0.000 2.552374 3.022381 2.395 n/a n/a
195 4500.00 1096.35 70.479831 0.9905544512463789 0.992018 -855761.058727 196.929703 27.587256 102.822211 -188.003015 2865.392328 -9.696 0.000 2.551029 3.023079 2.401 n/a n/a
196 4500.00 1094.34 69.819279 0.9906253285403771 0.992084 -847589.184527 195.091159 27.343287 101.827367 -186.945081 2849.522421 -9.722 0.000 2.549681 3.023764 2.406 n/a n/a
197 4500.00 1092.34 69.169910 0.9906915713976963 0.992145 -839560.036674 193.283458 27.103454 100.849530 -185.903963 2833.910650 -9.747 0.000 2.548330 3.024431 2.412 n/a n/a
198 4500.00 1090.34 68.531187 0.9905578460905338 0.992026 -831669.779300 191.503008 26.867466 99.885022 -184.852931 2818.332032 -9.773 0.000 2.546938 3.020349 2.417 n/a n/a
199 4500.00 1088.33 67.891187 0.9880496044862971 0.989757 -823799.850797 189.695301 26.629881 98.884826 -183.478981 2800.174325 -9.799 0.000 2.545037 2.974511 2.420 n/a n/a
200 4500.00 1086.33 67.088210 0.9886115696491309 0.990900 -813885.254859 187.486525 26.330007 97.654843 -182.245675 2779.469953 -9.825 0.000 2.542092 3.188636 2.434 n/a n/a
201 4500.00 1084.33 66.333482 0.9884513292268591 0.990436 -804815.750057 185.428357 26.066480 96.515560 -181.012892 2760.172809 -9.851 0.000 2.539682 3.072774 2.442 n/a n/a
202 4500.00 1082.32 65.576736 0.9885482842960746 0.990532 -795592.658466 183.359120 25.793749 95.373100 -179.766392 2741.094345 -9.877 0.000 2.537259 3.074972 2.450 n/a n/a
203 4500.00 1080.32 64.835104 0.9886426663093915 0.990626 -786562.819698 181.331177 25.526583 94.253818 -178.545336 2722.373399 -9.903 0.000 2.534820 3.077340 2.459 n/a n/a
204 4500.00 1078.32 64.108102 0.9887344109803224 0.990719 -777720.403222 179.343216 25.264812 93.156966 -177.349050 2703.996729 -9.929 0.000 2.532364 3.079894 2.467 n/a n/a
205 4500.00 1076.31 63.395258 0.9888234257201545 0.990809 -769059.757448 177.393960 25.008274 92.081812 -176.176883 2685.951227 -9.956 0.000 2.529891 3.082652 2.475 n/a n/a
206 4500.00 1074.31 62.696109 0.9889095832433393 0.990898 -760575.387783 175.482156 24.756811 91.027640 -175.028204 2668.223845 -9.982 0.000 2.527398 3.085631 2.484 n/a n/a
207 4500.00 1072.30 62.010199 0.9889927132168855 0.990984 -752261.932321 173.606575 24.510267 89.993746 -173.902393 2650.801516 -10.008 0.000 2.524884 3.088855 2.492 n/a n/a
208 4500.00 1070.30 61.337077 0.9890725912451966 0.991069 -744114.134202 171.766000 24.268490 88.979432 -172.798843 2633.671049 -10.035 0.000 2.522346 3.092343 2.501 n/a n/a
209 4500.00 1068.30 60.676291 0.9891489241626042 0.991151 -736126.809326 169.959221 24.031329 87.984004 -171.716948 2616.819017 -10.062 0.000 2.519783 3.096122 2.510 n/a n/a
210 4500.00 1066.29 60.027389 0.9892213299961427 0.991231 -728294.807613 168.185024 23.798634 87.006765 -170.656099 2600.231608 -10.088 0.000 2.517191 3.100216 2.519 n/a n/a
211 4500.00 1064.29 59.389908 0.9892893101127135 0.991307 -720612.965211 166.442176 23.570253 86.047008 -169.615670 2583.894446 -10.115 0.000 2.514568 3.104653 2.528 n/a n/a
212 4500.00 1062.29 58.763373 0.9893522093881638 0.991381 -713076.043811 164.729414 23.346033 85.104006 -168.595007 2567.792359 -10.142 0.000 2.511910 3.109460 2.537 n/a n/a
213 4500.00 1060.28 58.147287 0.9894091572097157 0.991450 -705678.651267 163.045422 23.125812 84.177005 -167.593409 2551.909061 -10.169 0.000 2.509212 3.114666 2.547 n/a n/a
214 4500.00 1058.28 57.541118 0.9894589759903308 0.991515 -698415.134168 161.388800 22.909424 83.265200 -166.610096 2536.226721 -10.196 0.000 2.506471 3.120298 2.556 n/a n/a
215 4500.00 1056.28 56.944289 0.9895000304564711 0.991574 -691279.426685 159.758031 22.696685 82.367722 -165.644178 2520.725333 -10.223 0.000 2.503678 3.126377 2.566 n/a n/a
216 4500.00 1054.27 56.356011 0.9892466350438679 0.991343 -684267.623702 158.147475 22.487427 81.480997 -164.654968 2505.049673 -10.250 0.000 2.500812 3.113082 2.575 n/a n/a
217 4500.00 1052.27 55.761750 0.9884906110397096 0.990738 -677187.946053 156.512212 22.274749 80.577226 -163.597679 2488.382306 -10.277 0.000 2.497683 3.110797 2.584 n/a n/a
218 4500.00 1050.27 55.131194 0.9859852553878784 0.988653 -669670.530808 154.777537 22.053427 79.605593 -162.336813 2468.679692 -10.305 0.000 2.493146 3.087732 2.594 n/a n/a
219 4500.00 1048.26 54.370457 0.9856491651975196 0.988422 -660919.758459 152.745515 21.789175 78.490968 -161.009305 2447.780195 -10.332 0.000 2.488297 3.092855 2.604 n/a n/a
220 4500.00 1046.26 53.600592 0.9859816982688315 0.988744 -652131.592797 150.700636 21.522348 77.374399 -159.728956 2427.423892 -10.360 0.000 2.483504 3.101702 2.615 n/a n/a
221 4500.00 1044.26 52.860902 0.9861183996317812 0.988861 -643693.953372 148.733451 21.266419 76.300315 -158.483413 2407.666888 -10.387 0.000 2.478757 3.097723 2.625 n/a n/a
222 4500.00 1042.25 52.138734 0.9862763265478318 0.988994 -635448.473252 146.812807 21.016297 75.252466 -157.263736 2388.431218 -10.415 0.000 2.474055 3.093401 2.635 n/a n/a
223 4500.00 1040.25 51.434755 0.9864301065947086 0.989123 -627404.422222 144.939890 20.772166 74.231369 -156.069376 2369.712045 -10.443 0.000 2.469397 3.089153 2.645 n/a n/a
224 4500.00 1038.24 50.748280 0.9865797957513118 0.989249 -619554.301356 143.112909 20.533803 73.236003 -154.899463 2351.488977 -10.471 0.000 2.464783 3.084973 2.654 n/a n/a
225 4500.00 1036.24 50.078653 0.9867254626781400 0.989371 -611890.925419 141.330153 20.300998 72.265394 -153.753158 2333.742554 -10.499 0.000 2.460211 3.080858 2.663 n/a n/a
226 4500.00 1034.24 49.425247 0.9868671852795925 0.989490 -604407.415178 139.589981 20.073548 71.318608 -152.629653 2316.454214 -10.527 0.000 2.455680 3.076805 2.672 n/a n/a
227 4500.00 1032.23 48.787460 0.9870050046292832 0.989607 -597097.190414 137.890825 19.851258 70.396207 -151.528332 2299.649286 -10.555 0.000 2.451190 3.072810 2.680 n/a n/a
228 4500.00 1030.23 48.164717 0.9871388759413595 0.989719 -589953.928981 136.231180 19.633942 69.494426 -150.448094 2283.224444 -10.583 0.000 2.446739 3.068866 2.688 n/a n/a
229 4500.00 1028.23 47.556057 0.9872839748559801 0.989842 -582966.500774 134.608713 19.421281 68.613432 -149.389323 2267.208023 -10.611 0.000 2.442328 3.065373 2.696 n/a n/a
230 4500.00 1026.22 46.960221 0.9874753091270164 0.990005 -576120.261853 133.020565 19.212882 67.751660 -148.354257 2251.590624 -10.640 0.000 2.437959 3.062907 2.704 n/a n/a
231 4500.00 1024.22 46.380898 0.9876141123878123 0.990125 -569462.035491 131.474897 19.009992 66.913336 -147.341973 2236.389877 -10.668 0.000 2.433629 3.060309 2.711 n/a n/a
232 4500.00 1022.22 45.815223 0.9877495030259007 0.990242 -562956.722794 129.965041 18.811665 66.094928 -146.350809 2221.567543 -10.697 0.000 2.429337 3.057718 2.718 n/a n/a
233 4500.00 1020.21 45.262713 0.9878815226972383 0.990357 -556598.962078 128.489736 18.617741 65.295728 -145.380028 2207.109842 -10.725 0.000 2.425084 3.055133 2.725 n/a n/a
234 4500.00 1018.21 44.722904 0.9880102191831215 0.990468 -550383.600855 127.047770 18.428067 64.515057 -144.428916 2193.003556 -10.754 0.000 2.420869 3.052555 2.732 n/a n/a
235 4500.00 1016.21 44.195353 0.9881356450806013 0.990576 -544305.689578 125.637980 18.242497 63.752264 -143.496789 2179.236016 -10.783 0.000 2.416691 3.049983 2.739 n/a n/a
236 4500.00 1014.20 43.679631 0.9882578567268072 0.990681 -538360.475010 124.259249 18.060887 63.006723 -142.582990 2165.795073 -10.812 0.000 2.412549 3.047417 2.745 n/a n/a
237 4500.00 1012.20 43.175329 0.9883769132933927 0.990784 -532543.393392 122.910506 17.883103 62.277835 -141.686887 2152.669087 -10.841 0.000 2.408443 3.044857 2.751 n/a n/a
238 4500.00 1010.20 42.682053 0.9884928760528291 0.990884 -526850.063500 121.590723 17.709014 61.565024 -140.807874 2139.846900 -10.870 0.000 2.404373 3.042304 2.757 n/a n/a
239 4500.00 1008.19 42.199426 0.9886058077458534 0.990981 -521276.279698 120.298915 17.538494 60.867739 -139.945367 2127.317821 -10.899 0.000 2.400336 3.039757 2.763 n/a n/a
